pussy
worthless
pussy
loser
loser
worthless
traitor
traitor
traitor
traitor
devil
traitor
loser
ugly
idiot
dumb
dunce
pussy
loser
traitor
snowflake
dumb
imbecile
loser
traitor
vile
imbecile
ugly
ugly
traitor
moron
dumb
redneck
hillbilly
ass
ugly
dick
idiot
traitor
traitor
loser
monster
monster
awful
imbecile
vile
idiot
traitor
idiot
idiot
idiot
idiot
moron
dullard
awful
dumb
idiot
idiot
snowflake
loser
monster
dumb
dumb
dumb
idiot
loser
poisonous
poisonous
sucker
monster
dumb
dunce
dick
snowflake
worthless
traitor
sucker
scum
dumb
worthless
traitor
awful
ugly
dumb
moron
dick
traitor
abusive
idiot
idiot
ugly
vile
idiot
retard
traitor
scum
vile
dumb
loser
awful
idiot
poisonous
moron
dumb
pussy
egotistical
moron
ugly
loser
dumb
idiot
loser
loser
dumb
moron
worthless
monster
devil
moron
dick
shyster
dummy
snowflake
pussy
ass
ass
loser
loser
sham
sleazy
traitor
devil
dumb
ass
loser
worthless
ass
loser
idiot
loser
loser
dick
sucker
dummy
ugly
abusive
devil
dumb
awful
devil
moron
cancerous
infidel
arse
idiot
worthless
ugly
devil
vile
traitor
idiot
moron
loser
egotistical
bugger
ugly
snowflake
dumb
loser
loser
awful
loser
asshole
awful
sucker
bugger
loser
pussy
worthless
loser
snowflake
shitty
dumb
idiot
bitch
abusive
pussy
ugly
moron
loser
ass
dumb
vile
dunce
dumb
traitor
worthless
ugly
snowflake
pussy
loser
moron
vile
dick
idiot
idiot
cripple
traitor
sham
monster
pussy
traitor
abusive
vile
tramp
idiot
sleazy
loser
dumb
imbecile
sleazy
hillbilly
dumb
loser
monster
moron
loser
idiot
monster
vile
dumb
dumb
sucker
sucker
redneck
dumb
dumb
ugly
ugly
ass
dumb
bitch
awful
savage
dumb
loser
moron
loser
sham
traitor
loser
traitor
cripple
monster
idiot
shyster
sleazy
abusive
sleazy
idiot
vile
loser
dick
monster
devil
monster
traitor
traitor
idiot
vile
traitor
ugly
ugly
ugly
dumb
ugly
dumb
ugly
bitch
ugly
idiot
devil
hoe
loser
monster
dick
idiot
moron
idiot
monster
abomination
idiot
idiot
worthless
idiot
monster
imbecile
awful
idiot
awful
loser
imbecile
worthless
ass
idiot
bint
abusive
traitor
devil
devil
idiot
loser
ugly
dumb
shit
idiot
sham
worthless
dumb
loser
loser
idiot
dumb
dumb
worthless
snowflake
dick
idiot
ugly
loser
loser
dumb
sucker
hoe
worthless
pussy
traitor
pussy
idiot
loser
sleazy
traitor
idiot
idiot
idiot
loser
bitch
moron
hick
worthless
idiot
loser
awful
dumb
loser
ass
ass
shit
dumb
moron
moron
awful
bastard
loser
dumb
dumb
dick
awful
bullshit
loser
cripple
loser
loser
dullard
dumb
ugly
idiot
dumb
dick
moron
traitor
snowflake
idiot
sucker
dumb
sham
traitor
cracker
dumb
dick
vile
loser
idiot
loser
dumb
scum
idiot
whore
traitor
ugly
dullard
idiot
ass
moron
moron
moron
moron
moron
imbecile
pussy
ass
dumb
whore
moron
awful
abomination
worthless
scum
dumb
traitor
moron
moron
loser
monster
traitor
ass
scum
worthless
shyster
idiot
savage
idiot
awful
worthless
dummy
poisonous
shyster
ugly
idiot
worthless
worthless
devil
moron
moron
pussy
moron
moron
vile
asshole
schmuck
sham
idiot
idiot
traitor
vile
loser
traitor
idiot
egotistical
idiot
sucker
devil
idiot
ass
sucker
awful
vile
loser
traitor
vile
pussy
dumb
dumb
awful
molestation
worthless
snowflake
hillbilly
traitor
worthless
dumb
monster
sucker
worthless
savage
idiot
dumb
snowflake
vile
worthless
pussy
loser
vile
snowflake
ugly
awful
snowflake
ugly
molestation
dumb
dick
shit
dumb
imbecile
vile
awful
idiot
loser
ugly
abomination
abomination
loser
idiot
loser
devil
moron
ass
vile
awful
sham
monster
cripple
idiot
dunce
traitor
pussy
ugly
vile
vile
monster
idiot
sham
whore
hillbilly
idiot
traitor
sham
awful
ass
ass
idiot
dumb
loser
sucker
loser
loser
dick
ugly
ugly
devil
idiot
ugly
dumb
moron
loser
imbecile
abusive
loser
dumb
loser
traitor
cracker
loser
traitor
abusive
idiot
idiot
loser
vile
loser
loser
loser
dumb
ass
ass
loser
abomination
loser
dumb
savage
idiot
worthless
traitor
loser
vile
dick
idiot
dumb
traitor
snowflake
traitor
idiot
bitch
ass
dick
traitor
loser
scum
ugly
sucker
loser
bitch
idiot
devil
ugly
shit
idiot
scum
moron
idiot
devil
awful
ugly
ugly
ugly
awful
awful
dick
egotistical
idiot
sham
moron
snowflake
idiot
traitor
loser
idiot
traitor
dumb
shit
snowflake
schmuck
abomination
ugly
idiot
scum
dick
loser
worthless
traitor
dumb
shit
bullshit
idiot
mutt
awful
shit
worthless
idiot
awful
pussy
imbecile
idiot
moron
shit
worthless
scum
worthless
traitor
dumb
dumb
imbecile
scum
worthless
loser
moron
loser
loser
idiot
bugger
loser
dumb
shit
snowflake
fuck
fuck
scum
dumb
loser
loser
ugly
monster
loser
redneck
dummy
snowflake
loser
imbecile
idiot
traitor
idiot
idiot
devil
dumb
ugly
pussy
idiot
traitor
idiot
loser
arse
loser
idiot
idiot
scum
shit
slut
dummy
loser
dumb
dumb
abomination
loser
ugly
loser
bullshit
imbecile
loser
idiot
idiot
monster
moron
ugly
ass
loser
loser
traitor
loser
loser
idiot
scum
shit
vile
worthless
dumb
dumb
loser
worthless
awful
mutt
vile
sucker
sleazy
egotistical
worthless
ugly
vile
ugly
loser
traitor
imbecile
moron
devil
dick
dumb
loser
dumb
awful
traitor
traitor
loser
scum
idiot
scum
loser
traitor
snowflake
snowflake
sleazy
imbecile
vile
sleazy
awful
traitor
shit
sham
ugly
ugly
shyster
awful
dumb
vile
moron
pussy
traitor
sham
dumb
loser
ugly
ass
dumb
snowflake
loser
vile
snowflake
egotistical
loser
